-0.3065702 0.8690795 -0.7280155 -1.210023 -1.612252 0.001911664 0.7218146 2.241014 -0.9656744 -0.07753532 -0.6199962 -1.469669 -0.9714191 -1.5942 1.098987 -0.9119345 1.844989 0.06640765 1.469083 -0.2378279 1.126216 1.265616
-0.3065702 0.8690795 -0.7280155 -1.210023 -1.612252 0.001911664 0.7218146 2.241014 -0.9656744 -0.07753532 -0.6199962 -1.469669 -0.9714191 -1.5942 1.098987 -0.9119345 1.844989 0.06640765 1.469083 -0.2378279 1.126216 1.265616
-0.3065702 0.8690795 -0.7280155 -1.210023 -1.612252 0.001911664 0.7218146 2.241014 -0.9656744 -0.07753532 -0.6199962 -1.469669 -0.9714191 -1.5942 1.098987 -0.9119345 1.844989 0.06640765 1.469083 -0.2378279 1.126216 1.265616
-0.3065702 0.8690795 -0.7280155 -1.210023 -1.612252 0.001911664 0.7218146 2.241014 -0.9656744 -0.07753532 -0.6199962 -1.469669 -0.9714191 -1.5942 1.098987 -0.9119345 1.844989 0.06640765 1.469083 -0.2378279 1.126216 1.265616
-0.5084304 -1.137575 -0.6880115 -0.1413432 0.8688913 1.620746 -1.564523 -0.758498 -0.8566914 0.5688984 -0.8349878 -1.141324 -0.4964356 -0.6585524 -0.944571 1.556056 1.998376 1.583133 1.408888 -0.6952733 1.624674 -0.8034474
-0.5084304 -1.137575 -0.6880115 -0.1413432 0.8688913 1.620746 -1.564523 -0.758498 -0.8566914 0.5688984 -0.8349878 -1.141324 -0.4964356 -0.6585524 -0.944571 1.556056 1.998376 1.583133 1.408888 -0.6952733 1.624674 -0.8034474
-0.5084304 -1.137575 -0.6880115 -0.1413432 0.8688913 1.620746 -1.564523 -0.758498 -0.8566914 0.5688984 -0.8349878 -1.141324 -0.4964356 -0.6585524 -0.944571 1.556056 1.998376 1.583133 1.408888 -0.6952733 1.624674 -0.8034474
-0.5084304 -1.137575 -0.6880115 -0.1413432 0.8688913 1.620746 -1.564523 -0.758498 -0.8566914 0.5688984 -0.8349878 -1.141324 -0.4964356 -0.6585524 -0.944571 1.556056 1.998376 1.583133 1.408888 -0.6952733 1.624674 -0.8034474
-1.196965 0.1276581 -0.2164721 -1.097013 1.439129 -1.668194 -1.297254 -1.160192 -0.6282534 1.120678 0.6932425 -1.720946 -0.217523 -0.282839 0.3829512 0.4617657 0.9711068 1.648186 2.061642 0.6414631 1.254979 -1.317149
-1.196965 0.1276581 -0.2164721 -1.097013 1.439129 -1.668194 -1.297254 -1.160192 -0.6282534 1.120678 0.6932425 -1.720946 -0.217523 -0.282839 0.3829512 0.4617657 0.9711068 1.648186 2.061642 0.6414631 1.254979 -1.317149
-1.196965 0.1276581 -0.2164721 -1.097013 1.439129 -1.668194 -1.297254 -1.160192 -0.6282534 1.120678 0.6932425 -1.720946 -0.217523 -0.282839 0.3829512 0.4617657 0.9711068 1.648186 2.061642 0.6414631 1.254979 -1.317149
-1.196965 0.1276581 -0.2164721 -1.097013 1.439129 -1.668194 -1.297254 -1.160192 -0.6282534 1.120678 0.6932425 -1.720946 -0.217523 -0.282839 0.3829512 0.4617657 0.9711068 1.648186 2.061642 0.6414631 1.254979 -1.317149
